0 0.650000 0.500000 0.106250 0.843750
1 0.565625 0.683594 0.028125 0.107422
1 0.650000 0.683594 0.028125 0.107422
1 0.734375 0.683594 0.028125 0.107422
2 0.596875 0.802734 0.009375 0.238281
1 0.565625 0.718750 0.028125 0.107422
1 0.650000 0.718750 0.028125 0.107422
1 0.734375 0.718750 0.028125 0.107422
2 0.596875 0.820312 0.009375 0.203125
6 0.589063 0.738281 0.018750 0.023438
6 0.650000 0.773438 0.018750 0.023438
7 0.650000 0.882812 0.078125 0.078125
5 0.646875 0.679688 0.025000 0.031250
3 0.684375 0.675781 0.062500 0.078125
4 0.617188 0.638672 0.037500 0.046875
4 0.625000 0.662109 0.050000 0.062500
