0 0.625000 0.507812 0.143750 0.816406
1 0.521875 0.197266 0.028125 0.107422
1 0.625000 0.197266 0.028125 0.107422
1 0.728125 0.197266 0.028125 0.107422
2 0.553125 0.556641 0.009375 0.718750
1 0.521875 0.419922 0.028125 0.107422
1 0.625000 0.419922 0.028125 0.107422
1 0.728125 0.419922 0.028125 0.107422
2 0.553125 0.667969 0.009375 0.496094
6 0.625000 0.251953 0.018750 0.023438
6 0.545312 0.474609 0.018750 0.023438
7 0.625000 0.876953 0.078125 0.078125
5 0.598437 0.363281 0.031250 0.039062
4 0.679688 0.425781 0.050000 0.062500
3 0.607812 0.373047 0.056250 0.070312
5 0.629687 0.226562 0.028125 0.035156
