0 0.348438 0.437500 0.115625 0.796875
1 0.259375 0.244141 0.028125 0.107422
1 0.348438 0.244141 0.028125 0.107422
1 0.437500 0.244141 0.028125 0.107422
2 0.290625 0.539062 0.009375 0.591797
1 0.259375 0.419922 0.028125 0.107422
1 0.348438 0.419922 0.028125 0.107422
1 0.437500 0.419922 0.028125 0.107422
2 0.290625 0.626953 0.009375 0.416016
6 0.282813 0.298828 0.018750 0.023438
6 0.348438 0.474609 0.018750 0.023438
7 0.348438 0.796875 0.078125 0.078125
4 0.335938 0.392578 0.050000 0.062500
5 0.342187 0.185547 0.037500 0.046875
4 0.357812 0.394531 0.037500 0.046875
5 0.360938 0.244141 0.043750 0.054688
