0 0.396875 0.435547 0.107813 0.736328
1 0.312500 0.599609 0.028125 0.107422
1 0.396875 0.599609 0.028125 0.107422
1 0.481250 0.599609 0.028125 0.107422
2 0.343750 0.701172 0.009375 0.205078
1 0.312500 0.621094 0.028125 0.107422
1 0.396875 0.621094 0.028125 0.107422
1 0.481250 0.621094 0.028125 0.107422
2 0.343750 0.712891 0.009375 0.183594
1 0.312500 0.707031 0.028125 0.107422
1 0.396875 0.707031 0.028125 0.107422
1 0.481250 0.707031 0.028125 0.107422
2 0.343750 0.755859 0.009375 0.097656
6 0.335938 0.654297 0.018750 0.023438
6 0.335938 0.675781 0.018750 0.023438
6 0.396875 0.761719 0.018750 0.023438
7 0.396875 0.765625 0.078125 0.078125
3 0.365625 0.593750 0.075000 0.093750
3 0.365625 0.613281 0.062500 0.078125
