0 0.623437 0.492188 0.093750 0.890625
1 0.545312 0.199219 0.028125 0.107422
1 0.623437 0.199219 0.028125 0.107422
1 0.701562 0.199219 0.028125 0.107422
2 0.576562 0.568359 0.009375 0.738281
1 0.545312 0.265625 0.028125 0.107422
1 0.623437 0.265625 0.028125 0.107422
1 0.701562 0.265625 0.028125 0.107422
2 0.576562 0.601562 0.009375 0.671875
1 0.545312 0.681641 0.028125 0.107422
1 0.623437 0.681641 0.028125 0.107422
1 0.701562 0.681641 0.028125 0.107422
2 0.576562 0.808594 0.009375 0.255859
6 0.568750 0.253906 0.018750 0.023438
6 0.623437 0.320312 0.018750 0.023438
6 0.623437 0.736328 0.018750 0.023438
7 0.623437 0.898438 0.078125 0.078125
4 0.628125 0.732422 0.040625 0.050781
4 0.593750 0.248047 0.059375 0.074219
