0 0.589063 0.527344 0.126562 0.750000
1 0.495312 0.464844 0.028125 0.107422
1 0.589063 0.464844 0.028125 0.107422
1 0.682813 0.464844 0.028125 0.107422
2 0.526563 0.683594 0.009375 0.437500
1 0.495312 0.814453 0.028125 0.107422
1 0.589063 0.814453 0.028125 0.107422
1 0.682813 0.814453 0.028125 0.107422
2 0.526563 0.857422 0.009375 0.087891
6 0.518750 0.519531 0.018750 0.023438
6 0.589063 0.869141 0.018750 0.023438
7 0.589063 0.863281 0.078125 0.078125
5 0.535937 0.517578 0.043750 0.054688
5 0.595313 0.515625 0.043750 0.054688
4 0.554688 0.466797 0.037500 0.046875
4 0.559375 0.755859 0.046875 0.058594
