0 0.495312 0.470703 0.156250 0.705078
1 0.385937 0.474609 0.028125 0.107422
1 0.495312 0.474609 0.028125 0.107422
1 0.604688 0.474609 0.028125 0.107422
2 0.417187 0.648438 0.009375 0.349609
1 0.385937 0.519531 0.028125 0.107422
1 0.495312 0.519531 0.028125 0.107422
1 0.604688 0.519531 0.028125 0.107422
2 0.417187 0.671875 0.009375 0.304688
1 0.385937 0.556641 0.028125 0.107422
1 0.495312 0.556641 0.028125 0.107422
1 0.604688 0.556641 0.028125 0.107422
2 0.417187 0.689453 0.009375 0.267578
6 0.581250 0.529297 0.018750 0.023438
6 0.409375 0.574219 0.018750 0.023438
6 0.495312 0.611328 0.018750 0.023438
7 0.495312 0.785156 0.078125 0.078125
3 0.560937 0.574219 0.068750 0.085938
5 0.434375 0.535156 0.031250 0.039062
