0 0.553125 0.490234 0.139063 0.820312
1 0.453125 0.234375 0.028125 0.107422
1 0.553125 0.234375 0.028125 0.107422
1 0.653125 0.234375 0.028125 0.107422
2 0.484375 0.566406 0.009375 0.666016
1 0.453125 0.378906 0.028125 0.107422
1 0.553125 0.378906 0.028125 0.107422
1 0.653125 0.378906 0.028125 0.107422
2 0.484375 0.638672 0.009375 0.521484
6 0.629687 0.289062 0.018750 0.023438
6 0.476562 0.433594 0.018750 0.023438
7 0.553125 0.861328 0.078125 0.078125
4 0.556250 0.427734 0.046875 0.058594
3 0.501563 0.423828 0.059375 0.074219
