0 0.589063 0.435547 0.143750 0.757812
1 0.485938 0.273438 0.028125 0.107422
1 0.589063 0.273438 0.028125 0.107422
1 0.692187 0.273438 0.028125 0.107422
2 0.517188 0.542969 0.009375 0.541016
1 0.485938 0.638672 0.028125 0.107422
1 0.589063 0.638672 0.028125 0.107422
1 0.692187 0.638672 0.028125 0.107422
2 0.517188 0.726562 0.009375 0.175781
1 0.485938 0.658203 0.028125 0.107422
1 0.589063 0.658203 0.028125 0.107422
1 0.692187 0.658203 0.028125 0.107422
2 0.517188 0.736328 0.009375 0.156250
6 0.509375 0.328125 0.018750 0.023438
6 0.589063 0.693359 0.018750 0.023438
6 0.509375 0.712891 0.018750 0.023438
7 0.589063 0.775391 0.078125 0.078125
5 0.635938 0.292969 0.025000 0.031250
3 0.528125 0.666016 0.056250 0.070312
4 0.573438 0.611328 0.056250 0.070312
