0 0.404687 0.507812 0.129688 0.738281
1 0.309375 0.365234 0.028125 0.107422
1 0.404687 0.365234 0.028125 0.107422
1 0.500000 0.365234 0.028125 0.107422
2 0.340625 0.621094 0.009375 0.511719
1 0.309375 0.619141 0.028125 0.107422
1 0.404687 0.619141 0.028125 0.107422
1 0.500000 0.619141 0.028125 0.107422
2 0.340625 0.748047 0.009375 0.257812
1 0.309375 0.732422 0.028125 0.107422
1 0.404687 0.732422 0.028125 0.107422
1 0.500000 0.732422 0.028125 0.107422
2 0.340625 0.804688 0.009375 0.144531
6 0.332813 0.419922 0.018750 0.023438
6 0.476562 0.673828 0.018750 0.023438
6 0.404687 0.787109 0.018750 0.023438
7 0.404687 0.837891 0.078125 0.078125
3 0.350000 0.310547 0.059375 0.074219
3 0.387500 0.734375 0.068750 0.085938
3 0.459375 0.337891 0.075000 0.093750
5 0.401562 0.572266 0.025000 0.031250
