0 0.140625 0.500000 0.031250 0.999000
2 0.184375 0.500000 0.009375 0.921875
2 0.200000 0.500000 0.009375 0.921875
2 0.215625 0.500000 0.009375 0.921875
6 0.179688 0.111328 0.018750 0.023438
3 0.179688 0.111328 0.050000 0.062500
6 0.184375 0.441406 0.018750 0.023438
6 0.190625 0.679688 0.018750 0.023438
4 0.190625 0.679688 0.031250 0.039062
6 0.223438 0.730469 0.018750 0.023438
5 0.223438 0.730469 0.040625 0.050781
6 0.218750 0.753906 0.018750 0.023438
3 0.218750 0.753906 0.050000 0.062500
1 0.906250 0.156250 0.031250 0.117188
