0 0.629687 0.460938 0.145313 0.832031
1 0.526563 0.707031 0.028125 0.107422
1 0.629687 0.707031 0.028125 0.107422
1 0.732812 0.707031 0.028125 0.107422
2 0.557813 0.791016 0.009375 0.169922
1 0.526563 0.761719 0.028125 0.107422
1 0.629687 0.761719 0.028125 0.107422
1 0.732812 0.761719 0.028125 0.107422
2 0.557813 0.818359 0.009375 0.115234
1 0.526563 0.785156 0.028125 0.107422
1 0.629687 0.785156 0.028125 0.107422
1 0.732812 0.785156 0.028125 0.107422
2 0.557813 0.830078 0.009375 0.091797
6 0.629687 0.761719 0.018750 0.023438
6 0.629687 0.816406 0.018750 0.023438
6 0.550000 0.839844 0.018750 0.023438
7 0.629687 0.837891 0.078125 0.078125
4 0.685937 0.730469 0.043750 0.054688
4 0.567187 0.648438 0.050000 0.062500
